n_background	k_list	p_value
4550	46	0.0030087715453935263
1520	22	0.0030093156083077313
2390	30	0.0030107844385838323
1320	20	0.0030143236987572597
4230	44	0.0030162134654406095
1420	21	0.0030362768269952415
120	5	0.003039514666591567
300	8	0.003042266295942666
3650	40	0.003043366749863501
3120	36	0.0030465422681208577
3380	38	0.0030493954745751443
4080	43	0.003049653667975683
3790	41	0.0030511913594815816
2870	34	0.0030638625623669587
370	9	0.0030679832502681125
520	11	0.0030704026956094935
3250	37	0.0030741552586634343
1730	24	0.003081057365427041
5110	49	0.0030821233476096624
600	12	0.0030861294507460624
4390	45	0.003087666018738482
2510	31	0.003088052887674119
1130	18	0.00310319073712958
2750	33	0.0031151017777890644
4910	48	0.003121685155991782
2280	29	0.0031224704790210178
2630	32	0.0031231515449157616
5350	50	0.003157115810604178
1840	25	0.003177204712367532
3520	39	0.003187674067816354
770	14	0.003187974742511512
3000	35	0.003190418390623181
2170	28	0.003198045058616454
1630	23	0.003202766183015302
3940	42	0.003206452488435437
4730	47	0.0032066708653284066
1040	17	0.0032249122814154443
1950	26	0.0032278326038844723
2060	27	0.0032340965175250325
1230	19	0.0032376209925146513
2400	30	0.0032447193763600877
4240	44	0.0032461582995151157
4560	46	0.0032479230308017034
3660	40	0.0032668369214534413
3130	36	0.0032705482681622167
3390	38	0.0032725616933093516
3800	41	0.003276289400016786
4090	43	0.0032787306083385767
860	15	0.00328256673012918
1530	22	0.003285811978089829
950	16	0.00328968965572451
2880	34	0.0032916060885445114
3260	37	0.0032992631946956175
1330	20	0.0033094264933871695
1430	21	0.0033235181724220846
2520	31	0.0033241966609936667
4400	45	0.003326958778888851
2760	33	0.003348121098218367
1740	24	0.003348470126064191
2640	32	0.003358984625507983
5120	49	0.0033599692018023673
2290	29	0.0033675574155221117
4920	48	0.0033875042786439594
690	13	0.003403596050202152
3530	39	0.003420098114622716
450	10	0.0034209817995167783
3010	35	0.0034250013694808097
1140	18	0.003429397791695208
3950	42	0.0034437781331496877
240	7	0.0034449600970753182
1850	25	0.0034454421938434603
2180	28	0.0034523890396467648
5360	50	0.0034675886498305238
4740	47	0.003468419575972655
1640	23	0.003486433220246463
4250	44	0.003492229419616468
1960	26	0.00349400217723399
2410	30	0.0034945788250558274
2070	27	0.0034955516589003457
4570	46	0.0035047628324093873
3670	40	0.00350514825975858
3140	36	0.003509251547642334
3400	38	0.0035103963674480813
3810	41	0.0035164629111041614
4100	43	0.003523559425878497
2890	34	0.0035343599779334364
3270	37	0.0035391249910961993
610	12	0.0035410676059975084
180	6	0.003559586504548456
530	11	0.0035621584086878402
1240	19	0.0035626913230760986
2530	31	0.00357620250489552
1050	17	0.00357665902044787
4410	45	0.003583397472220019
1540	22	0.003583951276035967
780	14	0.0035955170451117055
2770	33	0.0035965435090438793
2650	32	0.0036105052274335507
1340	20	0.0036289265134637227
2300	29	0.0036294329520081834
1440	21	0.00363380730685879
1750	24	0.0036358009027283407
5130	49	0.0036618059405681106
960	16	0.003664583256408224
3540	39	0.0036677835172221683
380	9	0.0036700303951670687
4930	48	0.0036747291752203958
3020	35	0.003674914346835272
870	15	0.0036767146393059235
3960	42	0.003697102288003081
310	8	0.003722846366756501
2190	28	0.0037243211529058777
1860	25	0.0037331725448862536
4750	47	0.0037501821581230337
4260	44	0.0037554428535401456
3680	40	0.0037591650393812995
2420	30	0.0037612699107886253
3150	36	0.0037634812493209267
3410	38	0.003763736382600543
3820	41	0.003772601954599662
2080	27	0.003775320064437656
1970	26	0.0037791243854820625
4580	46	0.0037804853629701367
1150	18	0.0037842525441501964
4110	43	0.0037851064109703154
1650	23	0.003791561161951605
2900	34	0.003792966934025619
3280	37	0.0037945757705209796
5370	50	0.003807924698839389
2540	31	0.003844965346607385
4420	45	0.00385809354742689
2780	33	0.0038612318423901213
700	13	0.0038620078626278535
2660	32	0.0038785935351513504
1550	22	0.0039050919056735174
2310	29	0.003909053559163867
1250	19	0.003915145423763237
3550	39	0.003931603263476703
3030	35	0.003941013418883463
1760	24	0.0039442525115976415
1060	17	0.003960245926609341
3970	42	0.003967379921592179
1450	21	0.003968616720621432
1350	20	0.0039744189941090914
4940	48	0.0039849690885776536
5140	49	0.003989601724729263
460	10	0.004009376488031315
2200	28	0.00401484704625886
3690	40	0.004029793002221611
3420	38	0.004033457252790615
3160	36	0.004034103706133196
4270	44	0.004036869612058394
1870	25	0.004041549184181581
790	14	0.004045404422580112
3830	41	0.004045640293301206
2430	30	0.004045738754558039
620	12	0.004049516041767396
4760	47	0.0040533684516747565
4120	43	0.004064388168843425
3290	37	0.004066488542237552
2910	34	0.004068306611794371
2090	27	0.0040744565419073625
970	16	0.00407469370403604
4590	46	0.004076356155442506
1980	26	0.004084303283328538
880	15	0.0041096042035518345
540	11	0.004116003557143406
1660	23	0.004119456358338362
2550	31	0.004131418478740534
2790	33	0.004143086296310028
4430	45	0.0041522210416460896
2670	32	0.0041641675623201755
1160	18	0.004169710511890897
5380	50	0.004180932298647088
2320	29	0.004207416286815073
3560	39	0.00421247098238797
3040	35	0.004224192224597371
80	4	0.0042386475346758564
1560	22	0.004250651013456798
3980	42	0.004255613746275176
1770	24	0.004275079027539607
130	5	0.004289472130716288
1260	19	0.0042967874778644215
3700	40	0.004317980730623942
250	7	0.004318196712405383
4950	48	0.0043199437135671695
3430	38	0.004320474285783051
3170	36	0.004322023471130905
2210	28	0.004325014648802939
1460	21	0.004329482666957471
3840	41	0.0043365569106814566
4280	44	0.004337637976636127
5150	49	0.004345476088703838
1360	20	0.00434756878064221
2440	30	0.004348971312464209
3300	37	0.004355775291762208
2920	34	0.004361296555412873
390	9	0.0043622108775827955
4130	43	0.004362473576665275
710	13	0.004370073364244361
1880	25	0.004371774103964692
1070	17	0.004377888414808262
4770	47	0.004379477106975149
4600	46	0.004393715315118573
2100	27	0.004394060045329241
1990	26	0.004410689150092943
2560	31	0.004436534407936764
2800	33	0.004443045333187658
4440	45	0.004467019360322311
2680	32	0.004468184020191919
1670	23	0.0044714802576973954
3570	39	0.0045113422008478425
320	8	0.004516936105022087
980	16	0.004522535435113617
3050	35	0.004525382915206672
2330	29	0.004525559568369304
800	14	0.004540906719829278
3990	42	0.004562855938477781
890	15	0.004584097288485061
1170	18	0.004587812499041649
5390	50	0.004589677883597131
630	12	0.004616014258300553
1570	22	0.004622105161501003
3710	40	0.004624721023321329
3440	38	0.004625743741976148
3180	36	0.004628184333741921
1780	24	0.0046295865038116606
190	6	0.004643599556596034
3850	41	0.0046463775393439785
2220	28	0.004655914942996691
4290	44	0.004658935829891999
3310	37	0.00466338805990447
2450	30	0.004671994179193487
2930	34	0.004672893115075745
470	10	0.004676179668415936
4140	43	0.004680485767744196
4960	48	0.004681489812234729
1270	19	0.004709498652581764
1470	21	0.004718005759173599
1890	25	0.004725098585732156
4780	47	0.004730100273864681
5160	49	0.004731710588042408
4610	46	0.004733981074572159
2110	27	0.004735274420027886
550	11	0.004737479895500674
1370	20	0.004750110846493706
2000	26	0.004759479215064191
2570	31	0.004761325670237345
2810	33	0.004762086552724121
2690	32	0.004791639156482115
4450	45	0.00480379612163371
3580	39	0.004829215595968977
1080	17	0.004831897427794427
3060	35	0.004845557104243927
1680	23	0.0048490500452205995
2340	29	0.004864563980790798
4000	42	0.0048902098729836875
720	13	0.004931715297779416
3450	38	0.0049502639833368875
3720	40	0.004951052270595321
3190	36	0.0049535703187949765
3860	41	0.004976176194549173
3320	37	0.004990320007669722
4300	44	0.00500201302510049
2940	34	0.005004092339218378
2230	28	0.0050086826842434
1790	24	0.00500913360061248
990	16	0.005010730719346635
2460	30	0.005015875350433721
4150	43	0.005019604139071431
1580	22	0.005020990874705304
5400	50	0.005037509151158801
1180	18	0.005040684696903034
4970	48	0.005071568134833394
810	14	0.005085436368230084
4620	46	0.005098653448634571
2120	27	0.005099289086593482
2820	33	0.005101227535654116
1900	25	0.005102823835747796
900	15	0.005103178826060965
2580	31	0.005106845609014879
4790	47	0.005106928459133879
2010	26	0.00513191831259366
2700	32	0.005135569560717285
1480	21	0.005135851415767322
5170	49	0.0051507600948717935
400	9	0.005153543224497325
1280	19	0.005155237316299914
4460	45	0.005163930061793145
3590	39	0.00516713423930096
1380	20	0.005183850627395491
3070	35	0.005185726794433937
2350	29	0.005225552955451087
4010	42	0.0052388318672452645
640	12	0.005245300442924611
1690	23	0.005253639170837404
3460	38	0.005295076608638798
3730	40	0.005298059824802972
3200	36	0.005299206664574094
1090	17	0.005324679083014251
3870	41	0.005327076708853581
3330	37	0.005337606463272965
260	7	0.005350964326651808
2950	34	0.0053559308382708105
4310	44	0.005368183790547186
4160	43	0.005381066378014041
2470	30	0.005381724939762001
2240	28	0.005384497062925977
1800	24	0.005415132115571869
480	10	0.005428541851905729
560	11	0.005432367591453536
330	8	0.0054366900714161795
1590	22	0.005448905053758271
2830	33	0.005461526654194404
2590	31	0.005474189111182005
2130	27	0.0054873396583677795
4630	46	0.005489317985881792
4980	48	0.005492270651721536
2710	32	0.005501052931922721
1910	25	0.005506301534032227
4800	47	0.005511755550933903
3600	39	0.005526186828996192
5410	50	0.005528080262598017
2020	26	0.005529299461122558
1190	18	0.005530538499539014
1000	16	0.005542008703098236
3080	35	0.005546945277540694
4470	45	0.005548873996941194
730	13	0.005551020742192862
1490	21	0.0055847501440692586
5180	49	0.005605264769735344
2360	29	0.005609693435091813
4020	42	0.00560993293139212
1290	19	0.005636039021209895
1390	20	0.00565066416117914
3470	38	0.005661267571044217
3210	36	0.005666160775985907
3740	40	0.005666877362149134
910	15	0.0056699550550429
820	14	0.0056825455531596784
1700	23	0.005686777758456828
3880	41	0.005700254263593954
3340	37	0.00570632594731848
2960	34	0.00572948661592946
4320	44	0.005758829164037968
4170	43	0.005766170503542534
2480	30	0.00577069584543741
2250	28	0.005784582303805243
2840	33	0.005844083845084705
1810	24	0.00584904740927547
1100	17	0.005858733955334378
2600	31	0.005864493297272009
140	5	0.005871196677893656
2720	32	0.005889208804385198
2140	27	0.005900708487009211
1600	22	0.005907505245637036
3610	39	0.005907508905744861
4640	46	0.0059076496123306975
3090	35	0.00593030800312073
1920	25	0.005936934290506496
650	12	0.005942303787015118
4990	48	0.005945828100184036
4810	47	0.005946484007712634
2030	26	0.005952964360290729
200	6	0.005955178815154564
4480	45	0.005960157836704604
4030	42	0.0060047805192439945
2370	29	0.006018196472044913
3480	38	0.0060499682738533395
410	9	0.006053392446288895
3220	36	0.0060555431487435704
3750	40	0.006058688231303313
1200	18	0.006059670021338617
5420	50	0.0060653792482385106
1500	21	0.006066497653123346
3890	41	0.006096936912626622
3350	37	0.006097601172002468
5190	49	0.0060980627382246225
1010	16	0.006119203985874267
2970	34	0.006125879863780425
1710	23	0.006150052889078379
1400	20	0.006152498022872887
1300	19	0.006154016239717428
4330	44	0.006175399452323303
4180	43	0.006176276916930448
2490	30	0.006183984362431208
570	11	0.0062066721986470215
2260	28	0.006210208197621922
740	13	0.006232235779055986
2850	33	0.006250041340946618
490	10	0.00627388663332233
2610	31	0.006278938160876411
920	15	0.0062876511577272965
2730	32	0.006301199227103275
3620	39	0.006312284048050417
1820	24	0.006312398718958528
830	14	0.0063359225901836996
3100	35	0.006336953411970104
2150	27	0.006340725130642487
4650	46	0.006355416562190593
1930	25	0.006396176001965444
1610	22	0.006398509763372178
4490	45	0.006399391643809567
2040	26	0.006404303800250781
4820	47	0.006413130208178086
4040	42	0.006424700275250686
5000	48	0.006434617849013329
1110	17	0.0064366559816247376
90	4	0.00644350257260569
2380	29	0.006452317762776131
3490	38	0.006462356640022052
3230	36	0.0064685082602940255
3760	40	0.006474726784176648
340	8	0.00649466877832241
3360	37	0.006512600009999455
3900	41	0.006518407093403788
2980	34	0.006546273714964119
270	7	0.006560768946927382
1510	21	0.0065829547868044595
4190	43	0.006612810456397521
4340	44	0.006619416709631125
2500	30	0.006622830734938099
1210	18	0.0066304593042763454
5200	49	0.006632203500473778
1720	23	0.006645108750344962
5430	50	0.006653757805525335
2270	28	0.006662690559686935
2860	33	0.006680584355558004
1410	20	0.006691369045207023
1310	19	0.006711357843683282
660	12	0.0067121353442668365
2620	31	0.00671874715282404
2740	32	0.00673822939242461
3630	39	0.006741745042167567
1020	16	0.006745254715390043
3110	35	0.00676806372989552
1830	24	0.006806759353570494
2160	27	0.006808766739067824
4660	46	0.006834484389596742
4500	45	0.006868268733410915
4050	42	0.006871077771885914
2050	26	0.006884757977309941
1940	25	0.0068855321035874864
3500	38	0.0068996581508312315
3240	36	0.006906255423041789
2390	29	0.0069133581137523
4830	47	0.0069138299576098836
3770	40	0.00691627968388665
1620	22	0.00692369764705449
3370	37	0.006952536428498408
930	15	0.0069596082787896675
5010	48	0.006961172082302312
3910	41	0.006966003120131756
750	13	0.006979759091773527
2990	34	0.006991874952432989
840	14	0.007049387497415012
1120	17	0.007061130974580129
580	11	0.0070666095889044475
420	9	0.007071429187326122
4200	43	0.0070772624496844815
2510	30	0.007088519644535595
4350	44	0.007092477228905946
1520	21	0.007136047268498602
2870	33	0.007136941718520319
2280	28	0.007143391610204632
1730	23	0.007173646645258564
2630	31	0.0071851877053967905
3640	39	0.007197175021773736
2750	32	0.0072015482092653346
5210	49	0.007210962100998706
500	10	0.007219886070515786
3120	35	0.007224865717288409
1220	18	0.007245369203580431
1420	20	0.00726936381512206
5440	50	0.007297963693775432
2170	27	0.007306258350494104
1320	19	0.007310328316239684
1840	24	0.007333756763511437
4060	42	0.0073453602316147825
4670	46	0.007346820054262555
3510	38	0.007363146848871036
4510	45	0.007368568805026524
3250	36	0.007370029595253061
3780	40	0.007384687184645892
2060	26	0.007395816710043228
2400	29	0.00740266383358253
1950	25	0.007406559708744763
3380	37	0.0074186713836634196
1030	16	0.007423200188884626
3920	41	0.00744112065341374
4840	47	0.007450844144540791
3000	34	0.0074639346672234
1630	22	0.007484908458308171
210	6	0.007520633932977358
5020	48	0.00752818630231549
670	12	0.007560077442464649
4210	43	0.00757119275804579
2520	30	0.007582380629094835
4360	44	0.007596254038727855
2880	33	0.007620386454684245
2290	28	0.007653720271052233
2640	31	0.0076795716917991376
3650	39	0.007679908572194189
940	15	0.007689279915300051
2760	32	0.007692448816212792
350	8	0.007703761852702222
3130	35	0.007708631369835797
1530	21	0.007727765249049382
1130	17	0.007734934734663505
1740	23	0.0077374248529635935
760	13	0.007798134496733984
850	14	0.007826886756398456
150	5	0.007827746467493651
2180	27	0.007834673094269662
5220	49	0.00783785408546689
4070	42	0.007849058227137006
3520	38	0.007854146300287678
3260	36	0.007861122144860138
3790	40	0.007881344378017754
1430	20	0.007888637937422577
4680	46	0.007894496072923671
1850	24	0.007895072478471649
4520	45	0.007902161099148966
1230	18	0.007906943941597846
3390	37	0.007912313670606
2410	29	0.00792162704634793
2070	26	0.007939019550066347
3930	41	0.007945214140430737
1330	19	0.007953266686700832
1960	25	0.007960867630962308
3010	34	0.007963748862039858
280	7	0.007965445976675641
5450	50	0.008003175946445307
590	11	0.008018588900387865
4850	47	0.008026564540406017
1640	22	0.008084041900747711
4220	43	0.008096231804628198
2530	30	0.00810578842749704
50	3	0.008106792724976825
2890	33	0.008132236303597593
4370	44	0.008132499398233264
5030	48	0.008138528149499747
1040	16	0.008156177950594104
3660	39	0.008191332793750688
2300	28	0.00819513237373411
2650	31	0.008203255816033208
2770	32	0.008212269029729805
430	9	0.008217584844729862
3140	35	0.008220678565563294
510	10	0.008274433284699038
1750	23	0.008338258334725344
1540	21	0.008360162650105788
3530	38	0.008374030511026743
3270	36	0.00838087156122808
4080	42	0.008383747353180794
2190	27	0.008395532294115283
3800	40	0.008407702399686919
3400	37	0.008434820723773257
1140	17	0.008460930750667608
4530	45	0.008471007569744424
2420	29	0.00847168592101656
4690	46	0.008479694727307951
3940	41	0.008479798219361843
950	15	0.008480227670284128
680	12	0.00849157167254167
1860	24	0.008492441906969482
3020	34	0.008492658995336024
2080	26	0.008515955781725745
5230	49	0.008516651269732943
1970	25	0.008550116281988067
1440	20	0.008551415057330996
1240	18	0.008617807320814514
1340	19	0.00864258517993461
4860	47	0.00864351973320264
4230	43	0.008654082579668048
2540	30	0.008660163245175195
860	14	0.00867248725882144
2900	33	0.008673854174147597
770	13	0.008692042412947857
4380	44	0.008703047281680464
1650	22	0.008723057259273597
3670	39	0.008732888318555523
2660	31	0.008757641928279195
3150	35	0.008762371653276256
2780	32	0.008762391722608195
2310	28	0.008769130773245756
5460	50	0.0087750431400638
5040	48	0.008795246535652971
3540	38	0.008924224791598143
3280	36	0.00893066410979509
1050	16	0.008947420377662855
4090	42	0.008951069862686678
3810	40	0.008965269590597937
1760	23	0.008978018278491751
3410	37	0.008987599362479858
2200	27	0.008990405466416523
1550	21	0.009035356295490918
3950	41	0.009046449081388127
3030	34	0.009052052460973058
2430	29	0.009054324811839027
600	11	0.009069193576306273
360	8	0.009077105953454526
4540	45	0.009077166062940744
4700	46	0.009104712318148085
1870	24	0.009127653991378645
2090	26	0.009128264305058248
1980	25	0.009176017440077362
1150	17	0.009242067481105573
4240	43	0.009246522614390476
2910	33	0.00924664852948992
2550	30	0.009246970935481855
5240	49	0.009251398344818466
1450	20	0.00925998563436892
4870	47	0.009304381184505163
100	4	0.009305223891454436
3680	39	0.009306070274827152
4390	44	0.009309815843597214
3160	35	0.009335121977344088
960	15	0.009336116365658434
2670	31	0.009344177260843823
2790	32	0.009344245127761101
220	6	0.009366228454732886
2320	28	0.009377265362617125
1250	18	0.00938066058824427
1350	19	0.009380767572484483
1660	22	0.009403972651444291
520	10	0.009445612461974204
5050	48	0.009501581083965953
440	9	0.009502003066588402
3550	38	0.009506206564683988
3290	36	0.009511934424355847
690	12	0.009512205490148808
4100	42	0.009552736259777749
3820	40	0.009555612606020942
3420	37	0.009572106476141526
290	7	0.009583003777407369
870	14	0.009590369441405714
5470	50	0.009619724978777458
2210	27	0.009620910208208426
3040	34	0.009643362998442909
3960	41	0.009646805783266373
1770	23	0.009658631475725904
780	13	0.009666290284242048
2440	29	0.009671074304637444
4550	45	0.009722793491253072
1560	21	0.009755524823747086
4710	46	0.00977196345345627
2100	26	0.009777633396492553
1060	16	0.00980025074924527
1880	24	0.009802550712466806
1990	25	0.009840333882766552
2920	33	0.009852073697289604
2560	30	0.009867723091882764
4250	43	0.009875405914929431
3690	39	0.009912429192563486
3170	35	0.009940388333662594
4400	44	0.009954809854716369
2800	32	0.009959303062400027
2680	31	0.009964354579717002
